0.0481120089292798 0.7990017166055884 0.0021461310062726
 0.2981010496161286 0.7989992604035445 0.0021484758331618
 0.2981115390196507 0.2990077751889406 0.0021517136300979
 0.7981125727061923 0.2989934833402966 0.0021517256829236
 0.0481141846972698 0.2989936774893320 0.0021549629939782
 0.5481158799765621 0.7990286529235776 0.0021597121992646
 0.5481200885805586 0.2990221317460354 0.0021613096962455
 0.7981368593742436 0.7990739518674310 0.0021910860493344
 0.1391331031303627 0.6973934752689909 0.0127490215675754
 0.3891442708901746 0.6974142155884070 0.0127557581687117
 0.3891492436316472 0.1974142671479518 0.0127562942962037
 0.6391514137941330 0.1974178661746404 0.0127669291103487
 0.8891475497994815 0.6974292776288692 0.0127673186179850
 0.1391526532253680 0.1974160085951737 0.0127733381029220
 0.6391553345636141 0.6974403640648722 0.0127737222957873
 0.8891553605452086 0.1974223436573536 0.0127891578361282
 0.1357776154567148 0.9395415297233640 0.0180964154562130
 0.3857822451410021 0.9395467490735434 0.0180995676098304
 0.1357767891039280 0.4395353500083286 0.0181002427817074
 0.8857719473474455 0.4395349230805195 0.0181003567576046
 0.3857812672138503 0.4395474043703129 0.0181020754078508
 0.6357818307482792 0.4395623295597678 0.0181156758703759
 0.6357924690380081 0.9395633358506972 0.0181193832970081
 0.8858078978411040 0.9396069852398429 0.0181691660342355
 0.9790495099291172 0.5904648359941889 0.0271562211195969
 0.2290712288019582 0.0904811973517611 0.0271573980393546
 0.2290642425049774 0.5904699569537668 0.0271592588937934
 0.4790729444788663 0.0904857938831437 0.0271606006956398
 0.4790714004268959 0.5904939450375505 0.0271620783712702
 0.7290726250419874 0.5905090604232173 0.0271736111969265
 0.7290866679083673 0.0904975631562737 0.0271928155065663
 0.9791082671519742 0.0905431011519263 0.0272407077245667
 0.1349956397997003 0.9229128615999878 0.0816738125100760
 0.3849963687834185 0.9229181271366851 0.0816777040799137
 0.8849954770953056 0.4229019991323950 0.0816781292279469
 0.3849989826990807 0.4229172880659953 0.0816794899192696
 0.1349945412515551 0.4229112999053390 0.0816804496273222
 0.6350127815105078 0.4229267299098214 0.0816958876462808
 0.6350134543904513 0.9229426540061455 0.0817005110597065
 0.8850492155442529 0.9230025793351788 0.0817497986543872
 0.9804648071577470 0.5727072202958250 0.0929108004791316
 0.2304683736397915 0.0727177734763245 0.0929111978793882
 0.2304648938569273 0.5727145199138958 0.0929150609202343
 0.4804767862488344 0.5727340100446674 0.0929167865164769
 0.4804820606057676 0.0727330159172884 0.0929191803428435
 0.7304881639277438 0.5727472938197953 0.0929311567438059
 0.7305002056758674 0.0727598484451487 0.0929450714443967
 0.9805469120434562 0.0728399166280868 0.0930122202063513
 0.2276097638591365 0.8205728241394170 0.0948160141126310
 0.0481120089292798 0.7990017166055884 0.0021461310062726
 0.2981010496161286 0.7989992604035445 0.0021484758331618
 0.2981115390196507 0.2990077751889406 0.0021517136300979
 0.7981125727061923 0.2989934833402966 0.0021517256829236
 0.0481141846972698 0.2989936774893320 0.0021549629939782
 0.5481158799765621 0.7990286529235776 0.0021597121992646
 0.5481200885805586 0.2990221317460354 0.0021613096962455
 0.7981368593742436 0.7990739518674310 0.0021910860493344
 0.1391331031303627 0.6973934752689909 0.0127490215675754
 0.3891442708901746 0.6974142155884070 0.0127557581687117
 0.3891492436316472 0.1974142671479518 0.0127562942962037
 0.6391514137941330 0.1974178661746404 0.0127669291103487
 0.8891475497994815 0.6974292776288692 0.0127673186179850
 0.1391526532253680 0.1974160085951737 0.0127733381029220
 0.6391553345636141 0.6974403640648722 0.0127737222957873
 0.8891553605452086 0.1974223436573536 0.0127891578361282
 0.1357776154567148 0.9395415297233640 0.0180964154562130
 0.3857822451410021 0.9395467490735434 0.0180995676098304
 0.1357767891039280 0.4395353500083286 0.0181002427817074
 0.8857719473474455 0.4395349230805195 0.0181003567576046
 0.3857812672138503 0.4395474043703129 0.0181020754078508
 0.6357818307482792 0.4395623295597678 0.0181156758703759
 0.6357924690380081 0.9395633358506972 0.0181193832970081
 0.8858078978411040 0.9396069852398429 0.0181691660342355
 0.9790495099291172 0.5904648359941889 0.0271562211195969
 0.2290712288019582 0.0904811973517611 0.0271573980393546
 0.2290642425049774 0.5904699569537668 0.0271592588937934
 0.4790729444788663 0.0904857938831437 0.0271606006956398
 0.4790714004268959 0.5904939450375505 0.0271620783712702
 0.7290726250419874 0.5905090604232173 0.0271736111969265
 0.7290866679083673 0.0904975631562737 0.0271928155065663
 0.9791082671519742 0.0905431011519263 0.0272407077245667
 0.1349956397997003 0.9229128615999878 0.0816738125100760
 0.3849963687834185 0.9229181271366851 0.0816777040799137
 0.8849954770953056 0.4229019991323950 0.0816781292279469
 0.3849989826990807 0.4229172880659953 0.0816794899192696
 0.1349945412515551 0.4229112999053390 0.0816804496273222
 0.6350127815105078 0.4229267299098214 0.0816958876462808
 0.6350134543904513 0.9229426540061455 0.0817005110597065
 0.8850492155442529 0.9230025793351788 0.0817497986543872
 0.9804648071577470 0.5727072202958250 0.0929108004791316
 0.2304683736397915 0.0727177734763245 0.0929111978793882
 0.2304648938569273 0.5727145199138958 0.0929150609202343
 0.4804767862488344 0.5727340100446674 0.0929167865164769
 0.4804820606057676 0.0727330159172884 0.0929191803428435
 0.7304881639277438 0.5727472938197953 0.0929311567438059
 0.7305002056758674 0.0727598484451487 0.0929450714443967
 0.9805469120434562 0.0728399166280868 0.0930122202063513
 0.2276097638591365 0.8205728241394170 0.0948160141126310
 