CuO                                    
   1.00000000000000    
    11.6317000000000004    0.0000000000000000    0.0000000000000000
    -3.6617801641422201   12.1119733152569005    0.0000000000000000
     0.0000000000000000    0.0000000000000000   30.4647000000000006
CuO                                    
   1.00000000000000    
    11.6317000000000004    0.0000000000000000    0.0000000000000000
    -3.6617801641422201   12.1119733152569005    0.0000000000000000
     0.0000000000000000    0.0000000000000000   30.4647000000000006
Cu_B Cu O